NAME:  br17
TYPE: ATSP
COMMENT: 17 city problem (Repetto)
DIMENSION:  15
EDGE_WEIGHT_TYPE: EXPLICIT
EDGE_WEIGHT_FORMAT: FULL_MATRIX 
EDGE_WEIGHT_SECTION

9999  64  41  11  53  68  47  44  62  57  37  59  23  41  29
78  9999  16  35  90  42  88   6  40  42  64  48  46   5  90
29  70  9999  50   6   1  93  48  29  23  84  54  56  40  66
76  31   8  9999  44  39  26  23  37  38  18  82  29  41  33
15  39  58   4  9999  30  77   6  73  86  21  45  24  72  70
29  77  73  97  12  9999  86  90  61  36  55  67  55  74  31
52  50  50  41  24  66  9999  30   7  91   7  37  57  87  53
83  45   9   9  58  21  88  9999  22  46   6  30  13  68   0
91  62  55  10  59  24  37  48  9999  83  95  41   2  50  91
36  74  20  96  21  48  99  68  84  9999  81  34  53  99  18
38   0  88  27  67  28  93  48  83   7  9999  21  10  17  13
14   9  16  35  51   0  49  19  56  98   3  9999  24   8  44
9  89   2  95  85  93  43  23  87  14   3  48  9999   0  58
18  80  96  98  81  89  98   9  57  72  22  38  92  9999  38
79  90  57  58  91  15  88  56  11   2  34  72  55  28  9999